0 0 0
0 145 27
0 300 381
0 363 463
0 528 690
0 647 100
0 648 353
0 1221 72
0 1288 22
0 1292 64
0 1300 573
0 1418 456
0 1543 302
0 1615 261
0 1726 398
0 1727 112
0 1742 232
0 1745 406
0 1748 599
0 1750 714
0 1882 377
0 1883 31
0 1900 160
0 1901 570
0 1975 578
0 1982 603
0 2071 514
0 2133 540
0 2136 291
0 2213 517
0 2217 235
0 2306 400
0 2310 392
0 2404 731
0 2433 472
0 2446 277
0 2569 744
0 2681 175
0 2683 263
0 2986 533
0 2987 644
0 3061 408
0 3062 162
0 3209 315
0 3211 560
0 3219 53
0 3220 168
0 3241 142
0 3243 598
0 3276 660
0 3294 165
0 3331 745
0 3357 358
0 3358 679
0 3361 131
0 3548 179
0 3549 622
0 3590 451
0 3591 324
0 3599 308
0 3604 636
0 3698 442
0 3702 594
0 3717 164
0 3735 629
0 3770 47
0 3811 346
0 3812 634
0 3827 637
0 3872 705
0 3906 667
0 3967 662
0 4094 355
0 4211 150
0 4619 466
0 4620 376
0 4660 552
0 4661 737
0 4982 161
0 5479 243
0 5480 173
0 5495 654
0 5501 386
0 5701 469
0 5784 268
0 5787 406
0 6239 435
0 6340 98
0 6474 331
0 6802 157
0 6854 422
0 6857 281
0 7684 482
0 7976 30
0 8251 650
0 8391 12
0 9022 246
0 9062 190
0 9260 638
0 9413 259
0 9416 615
0 9487 89
0 9489 547
0 9560 104
0 9562 723
0 9632 275
0 9741 495
0 9742 491
0 9962 23
0 9964 269
0 10114 718
0 10115 616
0 10198 743
0 10199 733
0 10248 619
0 10271 689
0 10277 581
0 10279 502
0 10353 629
0 10406 432
0 10410 377
0 10411 31
0 10421 234
0 10423 497
0 10738 691
0 10740 625
0 10778 411
0 10779 177
0 11049 300
0 11053 256
0 11054 230
0 11071 514
0 11122 476
0 11125 278
0 11133 540
0 11136 291
0 11168 508
0 11173 422
0 11202 342
0 11205 114
0 11213 517
0 11217 235
0 11234 684
0 11235 499
0 11238 672
0 11239 462
0 11363 184
0 11367 738
0 11457 572
0 11458 116
0 11523 349
0 11524 641
0 11650 321
0 11651 525
0 11657 726
0 11661 85
0 11667 584
0 11819 460
0 11833 156
0 11882 19
0 11884 198
0 12032 372
0 12103 242
0 12266 707
0 12267 568
0 12269 293
0 12271 50
0 12357 358
0 12358 679
0 12361 131
0 12362 483
0 12383 736
0 12698 442
0 12702 594
0 12904 201
0 12906 651
0 13030 408
0 13031 162
0 13049 300
0 13085 37
0 13087 387
0 13133 541
0 13271 251
0 13306 399
0 13307 113
0 13353 130
0 13354 481
0 13433 472
0 13457 572
0 13458 116
0 13569 744
0 13681 175
0 13683 263
0 13842 348
0 13937 210
0 13939 153
0 14168 730
0 14219 53
0 14220 168
0 14223 745
0 14413 709
0 14514 548
0 14590 451
0 14591 324
0 14749 592
0 14750 178
0 14763 473
0 14764 382
0 14798 344
0 14801 206
0 14883 699
0 14966 352
0 14967 662
0 15077 273
0 15209 59
0 15210 194
0 15211 701
0 15259 63
0 15260 212
0 15408 675
0 15411 46
0 15479 260
0 15485 225
0 15557 176
0 15577 645
0 15580 79
0 15630 617
0 15631 290
0 15642 29
0 15703 674
0 15705 359
0 15706 681
0 15709 289
0 15711 668
0 15717 567
0 15719 284
0 15720 337
0 15769 402
0 15774 627
0 15777 597
0 15780 470
0 15821 66
0 15937 313
0 16020 654
0 16025 110
0 16026 385
0 16053 455
0 16056 52
0 16075 362
0 16091 643
0 16092 369
0 16125 501
0 16126 511
0 16392 127
0 16408 528
0 16679 60
0 16802 735
0 16806 147
0 16953 102
0 16954 361
0 16959 81
0 17169 518
0 17244 702
0 17302 243
0 17303 173
0 17653 575
0 17814 357
0 18021 171
0 18022 605
0 18464 161
0 18535 62
0 18537 14
0 19273 270
0 19587 250
0 19694 694
0 19862 437
0 20099 54
0 20543 582
0 20544 136
0 20699 554
0 21666 119
0 21848 553
0 21988 1
1 0 2
1 53 256
1 54 230
1 133 541
1 200 224
1 284 371
1 302 509
1 303 549
1 306 399
1 307 113
1 517 426
1 558 410
1 559 172
1 650 321
1 651 525
1 885 721
1 986 533
1 987 644
1 1013 82
1 1020 618
1 1197 606
1 1230 292
1 1266 707
1 1267 568
1 1315 325
1 1316 539
1 1399 464
1 1461 639
1 1463 697
1 1749 592
1 1750 178
1 2098 286
1 2100 600
1 2172 374
1 2210 282
1 2284 558
1 2487 89
1 2489 547
1 2556 219
1 2557 69
1 2580 205
1 2635 631
1 2648 543
1 2649 683
1 2652 531
1 2698 471
1 2703 316
1 2746 87
1 2865 682
1 2896 366
1 2897 698
1 2949 680
1 2959 443
1 2992 557
1 2993 13
1 3057 475
1 3058 383
1 3168 237
1 3170 529
1 3328 437
1 3408 231
1 3411 391
1 3416 630
1 3417 328
1 3503 429
1 3509 609
1 3569 727
1 3601 39
1 3607 70
1 3639 695
1 3642 498
1 3698 239
1 3699 151
1 3728 587
1 3729 155
1 3860 740
1 3862 619
1 3889 415
1 3896 664
1 4068 375
1 4134 294
1 4819 125
1 4821 338
1 4834 105
1 4835 373
1 5252 601
1 5253 197
1 5931 51
1 5932 163
1 6215 715
1 6221 412
1 6222 179
1 6223 622
1 6397 708
1 6552 74
1 7337 122
1 7365 714
1 7757 305
1 7758 453
1 7897 47
1 7922 702
1 8013 139
1 8563 688
1 9087 461
1 9088 340
1 9236 678
1 9261 490
1 9262 480
1 9445 623
1 9688 468
1 9696 458
1 9733 436
1 9737 363
1 10220 484
1 10223 28
1 10340 420
1 10341 209
1 10345 667
1 10472 360
1 11406 98
1 11750 433
1 11987 54
1 12182 16
1 12611 130
1 12612 481
1 12954 247
1 12996 492
1 13213 222
1 13400 12
1 13405 228
1 13866 648
1 13899 601
1 13900 197
1 14049 192
1 14222 29
1 14356 624
1 14456 202
1 14519 157
1 14627 35
1 14628 95
1 14666 732
1 14674 217
1 14783 65
1 14935 449
1 15500 430
1 15541 691
1 15543 625
1 15720 138
1 15956 414
1 15957 191
1 15958 680
1 15985 694
1 16098 286
1 16100 600
1 16199 310
1 16201 424
1 16210 282
1 16246 658
1 16507 220
1 16512 687
1 16527 740
1 16587 274
1 16596 216
1 16597 58
1 16641 253
1 16642 226
1 16698 471
1 16703 316
1 16741 495
1 16742 491
1 16849 699
1 16913 739
1 16916 193
1 16959 493
1 16975 588
1 17057 475
1 17058 383
1 17180 135
1 17268 510
1 17269 551
1 17282 41
1 17283 124
1 17285 299
1 17303 628
1 17312 504
1 17419 713
1 17420 607
1 17466 322
1 17497 378
1 17577 336
1 17580 441
1 17601 39
1 17607 70
1 17639 695
1 17642 498
1 17668 542
1 17698 239
1 17699 151
1 17715 215
1 17717 186
1 17889 415
1 17896 664
1 17912 132
1 17985 669
1 17986 450
1 18051 379
1 18052 38
1 18086 149
1 18088 671
1 18224 55
1 18225 180
1 18384 84
1 18389 526
1 18631 513
1 18671 224
1 18672 93
1 18673 341
1 18717 249
1 18719 725
1 18745 583
1 18747 537
1 18758 646
1 18841 123
1 18875 44
1 18876 129
1 18935 589
1 18936 158
1 18968 485
1 18996 140
1 19155 40
1 19169 409
1 19194 196
1 19195 711
1 19443 390
1 19446 434
1 19464 111
1 19465 388
1 19535 91
1 19601 384
1 19608 397
1 19689 345
1 19820 86
1 19863 425
1 19873 467
1 19988 3
2 0 4
2 8 140
2 29 152
2 34 527
2 35 621
2 115 617
2 116 290
2 284 558
2 286 61
2 413 259
2 416 615
2 507 220
2 512 687
2 554 264
2 556 219
2 557 69
2 558 254
2 560 104
2 562 723
2 587 274
2 596 216
2 597 58
2 641 253
2 642 226
2 648 543
2 830 705
2 862 36
2 863 101
2 865 682
2 894 719
2 896 365
2 959 493
2 975 588
2 1114 718
2 1115 616
2 1130 248
2 1168 237
2 1170 529
2 1198 743
2 1199 733
2 1214 103
2 1219 240
2 1287 222
2 1431 459
2 1672 734
2 1829 693
2 2183 466
2 2184 376
2 2607 631
2 2749 542
2 3019 244
2 3137 506
2 3397 227
2 3839 688
2 4098 331
2 4408 496
2 4535 61
2 4755 454
2 4756 326
2 5334 590
2 5335 170
2 5458 181
2 5691 139
2 6007 413
2 6008 183
2 6811 624
2 6925 728
2 7034 527
2 7035 621
2 7117 371
2 7413 259
2 7554 264
2 7556 219
2 7557 69
2 7558 254
2 7649 683
2 7652 531
2 7894 719
2 7896 365
2 7932 428
2 7935 487
2 8077 313
2 8208 574
2 8277 581
2 8279 502
2 8282 41
2 8283 124
2 8416 630
2 8417 328
2 8419 713
2 8420 607
2 8421 234
2 8423 497
2 8715 215
2 8717 186
2 8777 296
2 8911 45
2 8985 669
2 8986 450
2 9045 77
2 9046 285
2 9051 379
2 9052 38
2 9082 320
2 9084 608
2 9086 149
2 9088 671
2 9154 199
2 9176 704
2 9177 564
2 9293 559
2 9294 21
2 9345 692
2 9446 122
2 9589 343
2 9605 427
2 9626 395
2 9627 96
2 9630 317
2 9631 513
2 9841 123
2 9935 589
2 9936 158
2 9989 663
2 9990 431
2 10016 380
2 10032 576
2 10126 559
2 10127 21
2 10194 196
2 10195 711
2 10320 546
2 10321 716
2 10327 423
2 10429 579
2 10430 126
2 10443 390
2 10446 434
2 10558 500
2 10560 550
2 10601 384
2 10608 397
2 10678 612
2 10682 661
2 10685 88
2 10686 323
2 10717 329
2 10720 613
2 10730 106
2 10749 195
2 10750 706
2 10812 582
2 10813 136
2 10989 562
2 11127 403
2 11560 557
2 11561 13
2 11765 712
2 11768 121
2 12192 673
2 12206 678
2 12288 22
2 12337 189
2 12396 233
2 12742 232
2 12975 578
2 12982 603
2 12986 538
2 12996 426
2 13559 223
2 13757 33
2 13758 90
2 13982 347
2 14043 709
2 14081 655
2 14147 246
2 14170 412
2 14486 611
2 15055 413
2 15056 183
2 15520 586
2 15528 523
2 15710 135
2 16199 418
2 16257 727
2 16289 403
2 16296 119
2 16297 430
2 16305 663
2 16306 431
2 16324 457
2 16467 380
2 16555 16
2 17035 469
2 18202 342
2 18205 114
2 18234 684
2 18235 499
2 18363 184
2 18367 738
2 18404 731
2 18453 25
2 18630 75
2 18657 726
2 18661 85
2 18667 584
2 18668 148
2 18842 348
2 18882 19
2 18884 198
2 18885 721
2 18937 210
2 18939 153
2 19013 82
2 19032 372
2 19209 315
2 19211 560
2 19461 639
2 19463 697
2 19621 301
2 19711 181
2 19798 344
2 19801 206
2 19862 357
2 19942 97
2 19943 350
2 19988 5
