0 0 45
0 1 6
0 2 11
0 3 9
0 4 48
0 5 45
0 6 6
0 7 34
0 8 49
0 9 44
0 10 50
0 11 24
0 12 27
0 13 51
0 14 52
0 15 53
0 16 54
0 17 55
0 18 56
0 19 57
0 20 58
0 21 13
0 22 2
0 23 15
0 24 59
0 25 14
0 26 16
0 28 7
0 29 24
0 30 27
0 31 14
0 32 16
0 33 4
0 34 13
0 45 16
0 46 4
0 47 41
0 55 12
0 56 20
0 57 42
0 58 9
0 59 25
0 60 2
0 61 19
0 63 19
0 65 42
0 87 29
0 88 41
0 89 29
0 90 0
0 91 31
0 92 46
0 93 23
0 94 8
0 95 11
0 99 37
0 106 29
0 107 41
0 108 29
0 109 41
0 110 28
0 111 39
0 112 60
0 113 36
0 114 8
0 115 25
1 0 45
1 1 6
1 2 61
1 3 62
1 4 63
1 5 64
1 6 65
1 7 66
1 8 67
1 9 23
1 10 46
1 11 23
1 12 68
1 13 69
1 14 70
1 15 71
1 16 72
1 17 73
1 18 74
1 19 75
1 20 76
1 21 77
1 22 78
1 23 79
1 24 80
1 25 81
1 26 82
1 27 83
1 28 84
1 29 85
1 30 86
1 31 87
1 32 88
1 33 89
1 34 90
1 35 91
1 36 92
1 37 93
1 38 94
1 39 95
1 40 46
1 41 23
1 42 8
1 43 96
1 44 97
1 45 98
1 46 99
1 47 100
1 48 101
1 49 102
